"0": {
	"rank": 0,
	"state": [0, 0, 0, 0, 0, 0, 0, 0, 0, 0],
	"trans": [0, 200, 320, 360]
},
"1": {
	"rank": 0,
	"state": [0, 0, 0, 0, 0, 0, 0, 0, 0, 1],
	"trans": [6, 206, 326, 366]
},
"2": {
	"rank": 0,
	"state": [0, 0, 0, 0, 0, 0, 0, 0, 1, 0],
	"trans": [0, 200, 320, 360]
},
"3": {
	"rank": 0,
	"state": [0, 0, 0, 0, 0, 0, 0, 1, 0, 0],
	"trans": [5, 203, 326, 363]
},
"4": {
	"rank": 0,
	"state": [0, 0, 0, 0, 0, 0, 0, 1, 1, 0],
	"trans": [7, 207, 327, 367]
},
"5": {
	"rank": 0,
	"state": [0, 0, 0, 0, 0, 0, 1, 0, 0, 0],
	"trans": [0, 200, 320, 360]
},
"6": {
	"rank": 0,
	"state": [0, 0, 0, 0, 0, 0, 1, 0, 0, 1],
	"trans": [0, 200, 320, 360]
},
"7": {
	"rank": 0,
	"state": [0, 0, 0, 0, 0, 0, 1, 0, 1, 0],
	"trans": [2, 218, 338, 362]
},
"8": {
	"rank": 0,
	"state": [0, 0, 0, 0, 0, 0, 1, 1, 0, 0],
	"trans": [0, 200, 320, 360]
},
"9": {
	"rank": 0,
	"state": [0, 0, 0, 0, 0, 0, 1, 1, 1, 0],
	"trans": [11, 211, 331, 371]
},
"10": {
	"rank": 0,
	"state": [0, 0, 0, 0, 0, 1, 0, 0, 0, 0],
	"trans": [0, 200, 320, 360]
},
"11": {
	"rank": 0,
	"state": [0, 0, 0, 0, 0, 1, 0, 0, 0, 1],
	"trans": [6, 216, 326, 366]
},
"12": {
	"rank": 0,
	"state": [0, 0, 0, 0, 0, 1, 0, 0, 1, 0],
	"trans": [0, 200, 320, 360]
},
"13": {
	"rank": 0,
	"state": [0, 0, 0, 0, 0, 1, 0, 1, 0, 0],
	"trans": [0, 200, 320, 360]
},
"14": {
	"rank": 0,
	"state": [0, 0, 0, 0, 0, 1, 0, 1, 1, 0],
	"trans": [7, 201, 321, 367]
},
"15": {
	"rank": 0,
	"state": [0, 0, 0, 0, 0, 1, 1, 0, 0, 0],
	"trans": [0, 200, 320, 360]
},
"16": {
	"rank": 0,
	"state": [0, 0, 0, 0, 0, 1, 1, 0, 0, 1],
	"trans": [0, 200, 320, 360]
},
"17": {
	"rank": 0,
	"state": [0, 0, 0, 0, 0, 1, 1, 0, 1, 0],
	"trans": [12, 212, 327, 367]
},
"18": {
	"rank": 0,
	"state": [0, 0, 0, 0, 0, 1, 1, 1, 0, 0],
	"trans": [0, 200, 320, 360]
},
"19": {
	"rank": 0,
	"state": [0, 0, 0, 0, 0, 1, 1, 1, 1, 0],
	"trans": [1, 201, 321, 361]
},
"20": {
	"rank": 0,
	"state": [0, 0, 0, 0, 1, 0, 0, 0, 0, 0],
	"trans": [26, 186, 226]
},
"21": {
	"rank": 0,
	"state": [0, 0, 0, 0, 1, 0, 0, 0, 0, 1],
	"trans": [21, 181, 221]
},
"22": {
	"rank": 0,
	"state": [0, 0, 0, 0, 1, 0, 0, 0, 1, 0],
	"trans": [33, 187, 233]
},
"23": {
	"rank": 0,
	"state": [0, 0, 0, 0, 1, 0, 0, 1, 0, 0],
	"trans": [26, 186, 226]
},
"24": {
	"rank": 0,
	"state": [0, 0, 0, 0, 1, 0, 0, 1, 1, 0],
	"trans": [34, 194, 234]
},
"25": {
	"rank": 0,
	"state": [0, 0, 0, 0, 1, 0, 1, 0, 0, 0],
	"trans": [33, 180, 233]
},
"26": {
	"rank": 0,
	"state": [0, 0, 0, 0, 1, 0, 1, 0, 0, 1],
	"trans": [21, 181, 221]
},
"27": {
	"rank": 0,
	"state": [0, 0, 0, 0, 1, 0, 1, 0, 1, 0],
	"trans": [34, 194, 234]
},
"28": {
	"rank": 0,
	"state": [0, 0, 0, 0, 1, 0, 1, 1, 0, 0],
	"trans": [26, 186, 226]
},
"29": {
	"rank": 0,
	"state": [0, 0, 0, 0, 1, 0, 1, 1, 1, 0],
	"trans": [21, 181, 221]
},
"30": {
	"rank": 0,
	"state": [0, 0, 0, 0, 1, 1, 0, 0, 0, 0],
	"trans": [36, 180, 236]
},
"31": {
	"rank": 0,
	"state": [0, 0, 0, 0, 1, 1, 0, 0, 0, 1],
	"trans": [21, 181, 221]
},
"32": {
	"rank": 0,
	"state": [0, 0, 0, 0, 1, 1, 0, 0, 1, 0],
	"trans": [33, 197, 233]
},
"33": {
	"rank": 0,
	"state": [0, 0, 0, 0, 1, 1, 0, 1, 0, 0],
	"trans": [26, 191, 226]
},
"34": {
	"rank": 0,
	"state": [0, 0, 0, 0, 1, 1, 0, 1, 1, 0],
	"trans": [21, 181, 221]
},
"35": {
	"rank": 0,
	"state": [0, 0, 0, 0, 1, 1, 1, 0, 0, 0],
	"trans": [33, 180, 233]
},
"36": {
	"rank": 0,
	"state": [0, 0, 0, 0, 1, 1, 1, 0, 0, 1],
	"trans": [26, 191, 226]
},
"37": {
	"rank": 0,
	"state": [0, 0, 0, 0, 1, 1, 1, 0, 1, 0],
	"trans": [29, 189, 229]
},
"38": {
	"rank": 0,
	"state": [0, 0, 0, 0, 1, 1, 1, 1, 0, 0],
	"trans": [26, 186, 226]
},
"39": {
	"rank": 0,
	"state": [0, 0, 0, 0, 1, 1, 1, 1, 1, 0],
	"trans": [21, 181, 221]
},
"40": {
	"rank": 0,
	"state": [0, 0, 0, 1, 0, 0, 0, 0, 0, 0],
	"trans": [42, 242, 362]
},
"41": {
	"rank": 0,
	"state": [0, 0, 0, 1, 0, 0, 0, 0, 0, 1],
	"trans": [46, 246, 366]
},
"42": {
	"rank": 0,
	"state": [0, 0, 0, 1, 0, 0, 0, 0, 1, 0],
	"trans": [42, 242, 362]
},
"43": {
	"rank": 0,
	"state": [0, 0, 0, 1, 0, 0, 0, 1, 0, 0],
	"trans": [48, 248, 363]
},
"44": {
	"rank": 0,
	"state": [0, 0, 0, 1, 0, 0, 0, 1, 1, 0],
	"trans": [47, 247, 367]
},
"45": {
	"rank": 0,
	"state": [0, 0, 0, 1, 0, 0, 1, 0, 0, 0],
	"trans": [40, 240, 360]
},
"46": {
	"rank": 0,
	"state": [0, 0, 0, 1, 0, 0, 1, 0, 0, 1],
	"trans": [40, 240, 360]
},
"47": {
	"rank": 0,
	"state": [0, 0, 0, 1, 0, 0, 1, 0, 1, 0],
	"trans": [42, 242, 362]
},
"48": {
	"rank": 0,
	"state": [0, 0, 0, 1, 0, 0, 1, 1, 0, 0],
	"trans": [42, 242, 362]
},
"49": {
	"rank": 0,
	"state": [0, 0, 0, 1, 0, 0, 1, 1, 1, 0],
	"trans": [51, 257, 371]
},
"50": {
	"rank": 0,
	"state": [0, 0, 0, 1, 0, 1, 0, 0, 0, 0],
	"trans": [40, 240, 360]
},
"51": {
	"rank": 0,
	"state": [0, 0, 0, 1, 0, 1, 0, 0, 0, 1],
	"trans": [53, 253, 366]
},
"52": {
	"rank": 0,
	"state": [0, 0, 0, 1, 0, 1, 0, 0, 1, 0],
	"trans": [42, 242, 362]
},
"53": {
	"rank": 0,
	"state": [0, 0, 0, 1, 0, 1, 0, 1, 0, 0],
	"trans": [42, 242, 362]
},
"54": {
	"rank": 0,
	"state": [0, 0, 0, 1, 0, 1, 0, 1, 1, 0],
	"trans": [47, 247, 367]
},
"55": {
	"rank": 0,
	"state": [0, 0, 0, 1, 0, 1, 1, 0, 0, 0],
	"trans": [40, 240, 360]
},
"56": {
	"rank": 0,
	"state": [0, 0, 0, 1, 0, 1, 1, 0, 0, 1],
	"trans": [40, 240, 360]
},
"57": {
	"rank": 0,
	"state": [0, 0, 0, 1, 0, 1, 1, 0, 1, 0],
	"trans": [47, 247, 367]
},
"58": {
	"rank": 0,
	"state": [0, 0, 0, 1, 0, 1, 1, 1, 0, 0],
	"trans": [42, 242, 362]
},
"59": {
	"rank": 0,
	"state": [0, 0, 0, 1, 0, 1, 1, 1, 1, 0],
	"trans": [54, 254, 361]
},
"60": {
	"rank": 0,
	"state": [0, 0, 1, 0, 0, 0, 0, 0, 0, 0],
	"trans": [65, 100, 260, 300]
},
"61": {
	"rank": 0,
	"state": [0, 0, 1, 0, 0, 0, 0, 0, 0, 1],
	"trans": [66, 106, 266, 306]
},
"62": {
	"rank": 0,
	"state": [0, 0, 1, 0, 0, 0, 0, 0, 1, 0],
	"trans": [68, 100, 260, 300]
},
"63": {
	"rank": 0,
	"state": [0, 0, 1, 0, 0, 0, 0, 1, 0, 0],
	"trans": [63, 103, 263, 303]
},
"64": {
	"rank": 0,
	"state": [0, 0, 1, 0, 0, 0, 0, 1, 1, 0],
	"trans": [67, 107, 267, 307]
},
"65": {
	"rank": 0,
	"state": [0, 0, 1, 0, 0, 0, 1, 0, 0, 0],
	"trans": [63, 103, 263, 303]
},
"66": {
	"rank": 0,
	"state": [0, 0, 1, 0, 0, 0, 1, 0, 0, 1],
	"trans": [63, 103, 263, 303]
},
"67": {
	"rank": 0,
	"state": [0, 0, 1, 0, 0, 0, 1, 0, 1, 0],
	"trans": [78, 102, 262, 302]
},
"68": {
	"rank": 0,
	"state": [0, 0, 1, 0, 0, 0, 1, 1, 0, 0],
	"trans": [63, 103, 263, 303]
},
"69": {
	"rank": 0,
	"state": [0, 0, 1, 0, 0, 0, 1, 1, 1, 0],
	"trans": [71, 111, 271, 311]
},
"70": {
	"rank": 0,
	"state": [0, 0, 1, 0, 0, 1, 0, 0, 0, 0],
	"trans": [63, 103, 263, 303]
},
"71": {
	"rank": 0,
	"state": [0, 0, 1, 0, 0, 1, 0, 0, 0, 1],
	"trans": [66, 113, 266, 313]
},
"72": {
	"rank": 0,
	"state": [0, 0, 1, 0, 0, 1, 0, 0, 1, 0],
	"trans": [68, 100, 260, 300]
},
"73": {
	"rank": 0,
	"state": [0, 0, 1, 0, 0, 1, 0, 1, 0, 0],
	"trans": [63, 103, 263, 303]
},
"74": {
	"rank": 0,
	"state": [0, 0, 1, 0, 0, 1, 0, 1, 1, 0],
	"trans": [61, 101, 261, 301]
},
"75": {
	"rank": 0,
	"state": [0, 0, 1, 0, 0, 1, 1, 0, 0, 0],
	"trans": [63, 103, 263, 303]
},
"76": {
	"rank": 0,
	"state": [0, 0, 1, 0, 0, 1, 1, 0, 0, 1],
	"trans": [66, 100, 260, 300]
},
"77": {
	"rank": 0,
	"state": [0, 0, 1, 0, 0, 1, 1, 0, 1, 0],
	"trans": [72, 112, 272, 312]
},
"78": {
	"rank": 0,
	"state": [0, 0, 1, 0, 0, 1, 1, 1, 0, 0],
	"trans": [63, 103, 263, 303]
},
"79": {
	"rank": 0,
	"state": [0, 0, 1, 0, 0, 1, 1, 1, 1, 0],
	"trans": [61, 101, 261, 301]
},
"80": {
	"rank": 0,
	"state": [0, 0, 1, 1, 0, 0, 0, 0, 0, 0],
	"trans": [82, 352]
},
"81": {
	"rank": 0,
	"state": [0, 0, 1, 1, 0, 0, 0, 0, 0, 1],
	"trans": [94, 349]
},
"82": {
	"rank": 0,
	"state": [0, 0, 1, 1, 0, 0, 0, 0, 1, 0],
	"trans": [87, 347]
},
"83": {
	"rank": 0,
	"state": [0, 0, 1, 1, 0, 0, 0, 1, 0, 0],
	"trans": [98, 358]
},
"84": {
	"rank": 0,
	"state": [0, 0, 1, 1, 0, 0, 0, 1, 1, 0],
	"trans": [84, 344]
},
"85": {
	"rank": 0,
	"state": [0, 0, 1, 1, 0, 0, 1, 0, 0, 0],
	"trans": [80, 340]
},
"86": {
	"rank": 0,
	"state": [0, 0, 1, 1, 0, 0, 1, 0, 0, 1],
	"trans": [81, 341]
},
"87": {
	"rank": 0,
	"state": [0, 0, 1, 1, 0, 0, 1, 0, 1, 0],
	"trans": [84, 344]
},
"88": {
	"rank": 0,
	"state": [0, 0, 1, 1, 0, 0, 1, 1, 0, 0],
	"trans": [82, 352]
},
"89": {
	"rank": 0,
	"state": [0, 0, 1, 1, 0, 0, 1, 1, 1, 0],
	"trans": [94, 349]
},
"90": {
	"rank": 0,
	"state": [0, 0, 1, 1, 0, 1, 0, 0, 0, 0],
	"trans": [98, 358]
},
"91": {
	"rank": 0,
	"state": [0, 0, 1, 1, 0, 1, 0, 0, 0, 1],
	"trans": [81, 349]
},
"92": {
	"rank": 0,
	"state": [0, 0, 1, 1, 0, 1, 0, 0, 1, 0],
	"trans": [87, 347]
},
"93": {
	"rank": 0,
	"state": [0, 0, 1, 1, 0, 1, 0, 1, 0, 0],
	"trans": [82, 352]
},
"94": {
	"rank": 0,
	"state": [0, 0, 1, 1, 0, 1, 0, 1, 1, 0],
	"trans": [84, 344]
},
"95": {
	"rank": 0,
	"state": [0, 0, 1, 1, 0, 1, 1, 0, 0, 0],
	"trans": [80, 340]
},
"96": {
	"rank": 0,
	"state": [0, 0, 1, 1, 0, 1, 1, 0, 0, 1],
	"trans": [98, 358]
},
"97": {
	"rank": 0,
	"state": [0, 0, 1, 1, 0, 1, 1, 0, 1, 0],
	"trans": [84, 344]
},
"98": {
	"rank": 0,
	"state": [0, 0, 1, 1, 0, 1, 1, 1, 0, 0],
	"trans": [87, 347]
},
"99": {
	"rank": 0,
	"state": [0, 0, 1, 1, 0, 1, 1, 1, 1, 0],
	"trans": [94, 349]
},
"100": {
	"rank": 0,
	"state": [0, 1, 0, 0, 0, 0, 0, 0, 0, 0],
	"trans": [65, 105, 205, 305]
},
"101": {
	"rank": 0,
	"state": [0, 1, 0, 0, 0, 0, 0, 0, 0, 1],
	"trans": [66, 106, 206, 306]
},
"102": {
	"rank": 0,
	"state": [0, 1, 0, 0, 0, 0, 0, 0, 1, 0],
	"trans": [68, 100, 200, 300]
},
"103": {
	"rank": 0,
	"state": [0, 1, 0, 0, 0, 0, 0, 1, 0, 0],
	"trans": [65, 105, 205, 305]
},
"104": {
	"rank": 0,
	"state": [0, 1, 0, 0, 0, 0, 0, 1, 1, 0],
	"trans": [67, 107, 207, 307]
},
"105": {
	"rank": 0,
	"state": [0, 1, 0, 0, 0, 0, 1, 0, 0, 0],
	"trans": [65, 105, 205, 305]
},
"106": {
	"rank": 0,
	"state": [0, 1, 0, 0, 0, 0, 1, 0, 0, 1],
	"trans": [63, 100, 200, 300]
},
"107": {
	"rank": 0,
	"state": [0, 1, 0, 0, 0, 0, 1, 0, 1, 0],
	"trans": [78, 102, 218, 302]
},
"108": {
	"rank": 0,
	"state": [0, 1, 0, 0, 0, 0, 1, 1, 0, 0],
	"trans": [63, 100, 200, 300]
},
"109": {
	"rank": 0,
	"state": [0, 1, 0, 0, 0, 0, 1, 1, 1, 0],
	"trans": [71, 111, 211, 311]
},
"110": {
	"rank": 0,
	"state": [0, 1, 0, 0, 0, 1, 0, 0, 0, 0],
	"trans": [65, 105, 205, 305]
},
"111": {
	"rank": 0,
	"state": [0, 1, 0, 0, 0, 1, 0, 0, 0, 1],
	"trans": [66, 113, 216, 313]
},
"112": {
	"rank": 0,
	"state": [0, 1, 0, 0, 0, 1, 0, 0, 1, 0],
	"trans": [68, 100, 200, 300]
},
"113": {
	"rank": 0,
	"state": [0, 1, 0, 0, 0, 1, 0, 1, 0, 0],
	"trans": [65, 105, 205, 305]
},
"114": {
	"rank": 0,
	"state": [0, 1, 0, 0, 0, 1, 0, 1, 1, 0],
	"trans": [61, 101, 201, 301]
},
"115": {
	"rank": 0,
	"state": [0, 1, 0, 0, 0, 1, 1, 0, 0, 0],
	"trans": [65, 105, 205, 305]
},
"116": {
	"rank": 0,
	"state": [0, 1, 0, 0, 0, 1, 1, 0, 0, 1],
	"trans": [66, 100, 200, 300]
},
"117": {
	"rank": 0,
	"state": [0, 1, 0, 0, 0, 1, 1, 0, 1, 0],
	"trans": [72, 112, 212, 312]
},
"118": {
	"rank": 0,
	"state": [0, 1, 0, 0, 0, 1, 1, 1, 0, 0],
	"trans": [63, 100, 200, 300]
},
"119": {
	"rank": 0,
	"state": [0, 1, 0, 0, 0, 1, 1, 1, 1, 0],
	"trans": [61, 101, 201, 301]
},
"120": {
	"rank": 0,
	"state": [0, 1, 0, 0, 1, 0, 0, 0, 0, 0],
	"trans": [126, 226, 266, 326]
},
"121": {
	"rank": 0,
	"state": [0, 1, 0, 0, 1, 0, 0, 0, 0, 1],
	"trans": [126, 226, 266, 326]
},
"122": {
	"rank": 0,
	"state": [0, 1, 0, 0, 1, 0, 0, 0, 1, 0],
	"trans": [120, 233, 260, 320]
},
"123": {
	"rank": 0,
	"state": [0, 1, 0, 0, 1, 0, 0, 1, 0, 0],
	"trans": [126, 226, 266, 326]
},
"124": {
	"rank": 0,
	"state": [0, 1, 0, 0, 1, 0, 0, 1, 1, 0],
	"trans": [127, 234, 267, 327]
},
"125": {
	"rank": 0,
	"state": [0, 1, 0, 0, 1, 0, 1, 0, 0, 0],
	"trans": [120, 233, 260, 320]
},
"126": {
	"rank": 0,
	"state": [0, 1, 0, 0, 1, 0, 1, 0, 0, 1],
	"trans": [126, 226, 266, 326]
},
"127": {
	"rank": 0,
	"state": [0, 1, 0, 0, 1, 0, 1, 0, 1, 0],
	"trans": [138, 234, 262, 338]
},
"128": {
	"rank": 0,
	"state": [0, 1, 0, 0, 1, 0, 1, 1, 0, 0],
	"trans": [126, 226, 266, 326]
},
"129": {
	"rank": 0,
	"state": [0, 1, 0, 0, 1, 0, 1, 1, 1, 0],
	"trans": [121, 221, 271, 331]
},
"130": {
	"rank": 0,
	"state": [0, 1, 0, 0, 1, 1, 0, 0, 0, 0],
	"trans": [120, 236, 260, 320]
},
"131": {
	"rank": 0,
	"state": [0, 1, 0, 0, 1, 1, 0, 0, 0, 1],
	"trans": [126, 226, 266, 326]
},
"132": {
	"rank": 0,
	"state": [0, 1, 0, 0, 1, 1, 0, 0, 1, 0],
	"trans": [120, 233, 260, 320]
},
"133": {
	"rank": 0,
	"state": [0, 1, 0, 0, 1, 1, 0, 1, 0, 0],
	"trans": [126, 226, 266, 326]
},
"134": {
	"rank": 0,
	"state": [0, 1, 0, 0, 1, 1, 0, 1, 1, 0],
	"trans": [121, 221, 261, 321]
},
"135": {
	"rank": 0,
	"state": [0, 1, 0, 0, 1, 1, 1, 0, 0, 0],
	"trans": [120, 233, 260, 320]
},
"136": {
	"rank": 0,
	"state": [0, 1, 0, 0, 1, 1, 1, 0, 0, 1],
	"trans": [126, 226, 266, 326]
},
"137": {
	"rank": 0,
	"state": [0, 1, 0, 0, 1, 1, 1, 0, 1, 0],
	"trans": [129, 229, 272, 327]
},
"138": {
	"rank": 0,
	"state": [0, 1, 0, 0, 1, 1, 1, 1, 0, 0],
	"trans": [126, 226, 266, 326]
},
"139": {
	"rank": 0,
	"state": [0, 1, 0, 0, 1, 1, 1, 1, 1, 0],
	"trans": [121, 221, 261, 321]
},
"140": {
	"rank": 0,
	"state": [0, 1, 0, 1, 0, 0, 0, 0, 0, 0],
	"trans": [142, 240, 352]
},
"141": {
	"rank": 0,
	"state": [0, 1, 0, 1, 0, 0, 0, 0, 0, 1],
	"trans": [154, 246, 349]
},
"142": {
	"rank": 0,
	"state": [0, 1, 0, 1, 0, 0, 0, 0, 1, 0],
	"trans": [147, 247, 347]
},
"143": {
	"rank": 0,
	"state": [0, 1, 0, 1, 0, 0, 0, 1, 0, 0],
	"trans": [158, 248, 358]
},
"144": {
	"rank": 0,
	"state": [0, 1, 0, 1, 0, 0, 0, 1, 1, 0],
	"trans": [147, 247, 347]
},
"145": {
	"rank": 0,
	"state": [0, 1, 0, 1, 0, 0, 1, 0, 0, 0],
	"trans": [140, 240, 340]
},
"146": {
	"rank": 0,
	"state": [0, 1, 0, 1, 0, 0, 1, 0, 0, 1],
	"trans": [158, 240, 341]
},
"147": {
	"rank": 0,
	"state": [0, 1, 0, 1, 0, 0, 1, 0, 1, 0],
	"trans": [147, 247, 347]
},
"148": {
	"rank": 0,
	"state": [0, 1, 0, 1, 0, 0, 1, 1, 0, 0],
	"trans": [142, 240, 352]
},
"149": {
	"rank": 0,
	"state": [0, 1, 0, 1, 0, 0, 1, 1, 1, 0],
	"trans": [154, 257, 349]
},
"150": {
	"rank": 0,
	"state": [0, 1, 0, 1, 0, 1, 0, 0, 0, 0],
	"trans": [158, 240, 358]
},
"151": {
	"rank": 0,
	"state": [0, 1, 0, 1, 0, 1, 0, 0, 0, 1],
	"trans": [149, 253, 349]
},
"152": {
	"rank": 0,
	"state": [0, 1, 0, 1, 0, 1, 0, 0, 1, 0],
	"trans": [147, 247, 347]
},
"153": {
	"rank": 0,
	"state": [0, 1, 0, 1, 0, 1, 0, 1, 0, 0],
	"trans": [142, 240, 352]
},
"154": {
	"rank": 0,
	"state": [0, 1, 0, 1, 0, 1, 0, 1, 1, 0],
	"trans": [147, 247, 347]
},
"155": {
	"rank": 0,
	"state": [0, 1, 0, 1, 0, 1, 1, 0, 0, 0],
	"trans": [140, 240, 340]
},
"156": {
	"rank": 0,
	"state": [0, 1, 0, 1, 0, 1, 1, 0, 0, 1],
	"trans": [158, 240, 358]
},
"157": {
	"rank": 0,
	"state": [0, 1, 0, 1, 0, 1, 1, 0, 1, 0],
	"trans": [147, 247, 347]
},
"158": {
	"rank": 0,
	"state": [0, 1, 0, 1, 0, 1, 1, 1, 0, 0],
	"trans": [147, 247, 347]
},
"159": {
	"rank": 0,
	"state": [0, 1, 0, 1, 0, 1, 1, 1, 1, 0],
	"trans": [154, 254, 349]
},
"160": {
	"rank": 0,
	"state": [0, 1, 1, 0, 0, 0, 0, 0, 0, 0],
	"trans": [168, 268, 368]
},
"161": {
	"rank": 0,
	"state": [0, 1, 1, 0, 0, 0, 0, 0, 0, 1],
	"trans": [166, 266, 366]
},
"162": {
	"rank": 0,
	"state": [0, 1, 1, 0, 0, 0, 0, 0, 1, 0],
	"trans": [168, 268, 368]
},
"163": {
	"rank": 0,
	"state": [0, 1, 1, 0, 0, 0, 0, 1, 0, 0],
	"trans": [168, 268, 368]
},
"164": {
	"rank": 0,
	"state": [0, 1, 1, 0, 0, 0, 0, 1, 1, 0],
	"trans": [167, 267, 367]
},
"165": {
	"rank": 0,
	"state": [0, 1, 1, 0, 0, 0, 1, 0, 0, 0],
	"trans": [160, 260, 360]
},
"166": {
	"rank": 0,
	"state": [0, 1, 1, 0, 0, 0, 1, 0, 0, 1],
	"trans": [168, 268, 368]
},
"167": {
	"rank": 0,
	"state": [0, 1, 1, 0, 0, 0, 1, 0, 1, 0],
	"trans": [162, 262, 362]
},
"168": {
	"rank": 0,
	"state": [0, 1, 1, 0, 0, 0, 1, 1, 0, 0],
	"trans": [168, 268, 368]
},
"169": {
	"rank": 0,
	"state": [0, 1, 1, 0, 0, 0, 1, 1, 1, 0],
	"trans": [161, 271, 371]
},
"170": {
	"rank": 0,
	"state": [0, 1, 1, 0, 0, 1, 0, 0, 0, 0],
	"trans": [160, 260, 360]
},
"171": {
	"rank": 0,
	"state": [0, 1, 1, 0, 0, 1, 0, 0, 0, 1],
	"trans": [166, 266, 366]
},
"172": {
	"rank": 0,
	"state": [0, 1, 1, 0, 0, 1, 0, 0, 1, 0],
	"trans": [168, 268, 368]
},
"173": {
	"rank": 0,
	"state": [0, 1, 1, 0, 0, 1, 0, 1, 0, 0],
	"trans": [168, 268, 368]
},
"174": {
	"rank": 0,
	"state": [0, 1, 1, 0, 0, 1, 0, 1, 1, 0],
	"trans": [161, 261, 367]
},
"175": {
	"rank": 0,
	"state": [0, 1, 1, 0, 0, 1, 1, 0, 0, 0],
	"trans": [160, 260, 360]
},
"176": {
	"rank": 0,
	"state": [0, 1, 1, 0, 0, 1, 1, 0, 0, 1],
	"trans": [160, 260, 360]
},
"177": {
	"rank": 0,
	"state": [0, 1, 1, 0, 0, 1, 1, 0, 1, 0],
	"trans": [172, 272, 367]
},
"178": {
	"rank": 0,
	"state": [0, 1, 1, 0, 0, 1, 1, 1, 0, 0],
	"trans": [168, 268, 368]
},
"179": {
	"rank": 0,
	"state": [0, 1, 1, 0, 0, 1, 1, 1, 1, 0],
	"trans": [161, 261, 361]
},
"180": {
	"rank": 0,
	"state": [0, 1, 1, 1, 0, 0, 0, 0, 0, 0],
	"trans": [26, 186, 292, 386]
},
"181": {
	"rank": 0,
	"state": [0, 1, 1, 1, 0, 0, 0, 0, 0, 1],
	"trans": [29, 189, 289, 389]
},
"182": {
	"rank": 0,
	"state": [0, 1, 1, 1, 0, 0, 0, 0, 1, 0],
	"trans": [33, 187, 287, 387]
},
"183": {
	"rank": 0,
	"state": [0, 1, 1, 1, 0, 0, 0, 1, 0, 0],
	"trans": [26, 186, 286, 386]
},
"184": {
	"rank": 0,
	"state": [0, 1, 1, 1, 0, 0, 0, 1, 1, 0],
	"trans": [34, 194, 284, 394]
},
"185": {
	"rank": 0,
	"state": [0, 1, 1, 1, 0, 0, 1, 0, 0, 0],
	"trans": [33, 180, 280, 380]
},
"186": {
	"rank": 0,
	"state": [0, 1, 1, 1, 0, 0, 1, 0, 0, 1],
	"trans": [21, 181, 281, 381]
},
"187": {
	"rank": 0,
	"state": [0, 1, 1, 1, 0, 0, 1, 0, 1, 0],
	"trans": [34, 194, 284, 394]
},
"188": {
	"rank": 0,
	"state": [0, 1, 1, 1, 0, 0, 1, 1, 0, 0],
	"trans": [26, 186, 292, 386]
},
"189": {
	"rank": 0,
	"state": [0, 1, 1, 1, 0, 0, 1, 1, 1, 0],
	"trans": [29, 189, 289, 389]
},
"190": {
	"rank": 0,
	"state": [0, 1, 1, 1, 0, 1, 0, 0, 0, 0],
	"trans": [36, 180, 280, 380]
},
"191": {
	"rank": 0,
	"state": [0, 1, 1, 1, 0, 1, 0, 0, 0, 1],
	"trans": [29, 189, 289, 389]
},
"192": {
	"rank": 0,
	"state": [0, 1, 1, 1, 0, 1, 0, 0, 1, 0],
	"trans": [33, 197, 287, 387]
},
"193": {
	"rank": 0,
	"state": [0, 1, 1, 1, 0, 1, 0, 1, 0, 0],
	"trans": [26, 191, 291, 386]
},
"194": {
	"rank": 0,
	"state": [0, 1, 1, 1, 0, 1, 0, 1, 1, 0],
	"trans": [29, 189, 289, 389]
},
"195": {
	"rank": 0,
	"state": [0, 1, 1, 1, 0, 1, 1, 0, 0, 0],
	"trans": [33, 180, 280, 380]
},
"196": {
	"rank": 0,
	"state": [0, 1, 1, 1, 0, 1, 1, 0, 0, 1],
	"trans": [26, 191, 291, 386]
},
"197": {
	"rank": 0,
	"state": [0, 1, 1, 1, 0, 1, 1, 0, 1, 0],
	"trans": [29, 189, 289, 389]
},
"198": {
	"rank": 0,
	"state": [0, 1, 1, 1, 0, 1, 1, 1, 0, 0],
	"trans": [26, 186, 287, 386]
},
"199": {
	"rank": 0,
	"state": [0, 1, 1, 1, 0, 1, 1, 1, 1, 0],
	"trans": [29, 189, 289, 389]
},
"200": {
	"rank": 0,
	"state": [1, 0, 0, 0, 0, 0, 0, 0, 0, 0],
	"trans": [10, 110, 210, 310]
},
"201": {
	"rank": 0,
	"state": [1, 0, 0, 0, 0, 0, 0, 0, 0, 1],
	"trans": [6, 106, 206, 306]
},
"202": {
	"rank": 0,
	"state": [1, 0, 0, 0, 0, 0, 0, 0, 1, 0],
	"trans": [0, 100, 200, 300]
},
"203": {
	"rank": 0,
	"state": [1, 0, 0, 0, 0, 0, 0, 1, 0, 0],
	"trans": [10, 110, 210, 310]
},
"204": {
	"rank": 0,
	"state": [1, 0, 0, 0, 0, 0, 0, 1, 1, 0],
	"trans": [7, 107, 207, 307]
},
"205": {
	"rank": 0,
	"state": [1, 0, 0, 0, 0, 0, 1, 0, 0, 0],
	"trans": [10, 110, 210, 310]
},
"206": {
	"rank": 0,
	"state": [1, 0, 0, 0, 0, 0, 1, 0, 0, 1],
	"trans": [0, 100, 200, 300]
},
"207": {
	"rank": 0,
	"state": [1, 0, 0, 0, 0, 0, 1, 0, 1, 0],
	"trans": [2, 102, 218, 302]
},
"208": {
	"rank": 0,
	"state": [1, 0, 0, 0, 0, 0, 1, 1, 0, 0],
	"trans": [0, 100, 200, 300]
},
"209": {
	"rank": 0,
	"state": [1, 0, 0, 0, 0, 0, 1, 1, 1, 0],
	"trans": [11, 111, 211, 311]
},
"210": {
	"rank": 0,
	"state": [1, 0, 0, 0, 0, 1, 0, 0, 0, 0],
	"trans": [10, 110, 210, 310]
},
"211": {
	"rank": 0,
	"state": [1, 0, 0, 0, 0, 1, 0, 0, 0, 1],
	"trans": [6, 113, 216, 313]
},
"212": {
	"rank": 0,
	"state": [1, 0, 0, 0, 0, 1, 0, 0, 1, 0],
	"trans": [0, 100, 200, 300]
},
"213": {
	"rank": 0,
	"state": [1, 0, 0, 0, 0, 1, 0, 1, 0, 0],
	"trans": [0, 100, 200, 300]
},
"214": {
	"rank": 0,
	"state": [1, 0, 0, 0, 0, 1, 0, 1, 1, 0],
	"trans": [7, 101, 201, 301]
},
"215": {
	"rank": 0,
	"state": [1, 0, 0, 0, 0, 1, 1, 0, 0, 0],
	"trans": [10, 110, 210, 310]
},
"216": {
	"rank": 0,
	"state": [1, 0, 0, 0, 0, 1, 1, 0, 0, 1],
	"trans": [10, 110, 210, 310]
},
"217": {
	"rank": 0,
	"state": [1, 0, 0, 0, 0, 1, 1, 0, 1, 0],
	"trans": [12, 112, 212, 312]
},
"218": {
	"rank": 0,
	"state": [1, 0, 0, 0, 0, 1, 1, 1, 0, 0],
	"trans": [10, 110, 210, 310]
},
"219": {
	"rank": 0,
	"state": [1, 0, 0, 0, 0, 1, 1, 1, 1, 0],
	"trans": [1, 101, 201, 301]
},
"220": {
	"rank": 0,
	"state": [1, 0, 0, 0, 1, 0, 0, 0, 0, 0],
	"trans": [26, 120, 226]
},
"221": {
	"rank": 0,
	"state": [1, 0, 0, 0, 1, 0, 0, 0, 0, 1],
	"trans": [31, 131, 231]
},
"222": {
	"rank": 0,
	"state": [1, 0, 0, 0, 1, 0, 0, 0, 1, 0],
	"trans": [33, 120, 233]
},
"223": {
	"rank": 0,
	"state": [1, 0, 0, 0, 1, 0, 0, 1, 0, 0],
	"trans": [26, 123, 226]
},
"224": {
	"rank": 0,
	"state": [1, 0, 0, 0, 1, 0, 0, 1, 1, 0],
	"trans": [34, 127, 234]
},
"225": {
	"rank": 0,
	"state": [1, 0, 0, 0, 1, 0, 1, 0, 0, 0],
	"trans": [33, 120, 233]
},
"226": {
	"rank": 0,
	"state": [1, 0, 0, 0, 1, 0, 1, 0, 0, 1],
	"trans": [31, 131, 231]
},
"227": {
	"rank": 0,
	"state": [1, 0, 0, 0, 1, 0, 1, 0, 1, 0],
	"trans": [34, 138, 234]
},
"228": {
	"rank": 0,
	"state": [1, 0, 0, 0, 1, 0, 1, 1, 0, 0],
	"trans": [26, 120, 226]
},
"229": {
	"rank": 0,
	"state": [1, 0, 0, 0, 1, 0, 1, 1, 1, 0],
	"trans": [31, 131, 231]
},
"230": {
	"rank": 0,
	"state": [1, 0, 0, 0, 1, 1, 0, 0, 0, 0],
	"trans": [36, 120, 236]
},
"231": {
	"rank": 0,
	"state": [1, 0, 0, 0, 1, 1, 0, 0, 0, 1],
	"trans": [31, 131, 231]
},
"232": {
	"rank": 0,
	"state": [1, 0, 0, 0, 1, 1, 0, 0, 1, 0],
	"trans": [33, 120, 233]
},
"233": {
	"rank": 0,
	"state": [1, 0, 0, 0, 1, 1, 0, 1, 0, 0],
	"trans": [31, 131, 231]
},
"234": {
	"rank": 0,
	"state": [1, 0, 0, 0, 1, 1, 0, 1, 1, 0],
	"trans": [21, 121, 221]
},
"235": {
	"rank": 0,
	"state": [1, 0, 0, 0, 1, 1, 1, 0, 0, 0],
	"trans": [33, 120, 233]
},
"236": {
	"rank": 0,
	"state": [1, 0, 0, 0, 1, 1, 1, 0, 0, 1],
	"trans": [31, 131, 231]
},
"237": {
	"rank": 0,
	"state": [1, 0, 0, 0, 1, 1, 1, 0, 1, 0],
	"trans": [29, 129, 229]
},
"238": {
	"rank": 0,
	"state": [1, 0, 0, 0, 1, 1, 1, 1, 0, 0],
	"trans": [26, 120, 226]
},
"239": {
	"rank": 0,
	"state": [1, 0, 0, 0, 1, 1, 1, 1, 1, 0],
	"trans": [21, 121, 221]
},
"240": {
	"rank": 0,
	"state": [1, 0, 0, 1, 0, 0, 0, 0, 0, 0],
	"trans": [52, 152, 252, 372]
},
"241": {
	"rank": 0,
	"state": [1, 0, 0, 1, 0, 0, 0, 0, 0, 1],
	"trans": [46, 154, 246, 366]
},
"242": {
	"rank": 0,
	"state": [1, 0, 0, 1, 0, 0, 0, 0, 1, 0],
	"trans": [52, 152, 252, 372]
},
"243": {
	"rank": 0,
	"state": [1, 0, 0, 1, 0, 0, 0, 1, 0, 0],
	"trans": [48, 158, 248, 363]
},
"244": {
	"rank": 0,
	"state": [1, 0, 0, 1, 0, 0, 0, 1, 1, 0],
	"trans": [47, 144, 247, 367]
},
"245": {
	"rank": 0,
	"state": [1, 0, 0, 1, 0, 0, 1, 0, 0, 0],
	"trans": [40, 140, 240, 360]
},
"246": {
	"rank": 0,
	"state": [1, 0, 0, 1, 0, 0, 1, 0, 0, 1],
	"trans": [40, 158, 240, 360]
},
"247": {
	"rank": 0,
	"state": [1, 0, 0, 1, 0, 0, 1, 0, 1, 0],
	"trans": [52, 152, 252, 372]
},
"248": {
	"rank": 0,
	"state": [1, 0, 0, 1, 0, 0, 1, 1, 0, 0],
	"trans": [52, 152, 252, 372]
},
"249": {
	"rank": 0,
	"state": [1, 0, 0, 1, 0, 0, 1, 1, 1, 0],
	"trans": [51, 154, 257, 371]
},
"250": {
	"rank": 0,
	"state": [1, 0, 0, 1, 0, 1, 0, 0, 0, 0],
	"trans": [40, 158, 240, 360]
},
"251": {
	"rank": 0,
	"state": [1, 0, 0, 1, 0, 1, 0, 0, 0, 1],
	"trans": [53, 149, 253, 366]
},
"252": {
	"rank": 0,
	"state": [1, 0, 0, 1, 0, 1, 0, 0, 1, 0],
	"trans": [52, 152, 252, 372]
},
"253": {
	"rank": 0,
	"state": [1, 0, 0, 1, 0, 1, 0, 1, 0, 0],
	"trans": [52, 152, 252, 372]
},
"254": {
	"rank": 0,
	"state": [1, 0, 0, 1, 0, 1, 0, 1, 1, 0],
	"trans": [47, 144, 247, 367]
},
"255": {
	"rank": 0,
	"state": [1, 0, 0, 1, 0, 1, 1, 0, 0, 0],
	"trans": [40, 140, 240, 360]
},
"256": {
	"rank": 0,
	"state": [1, 0, 0, 1, 0, 1, 1, 0, 0, 1],
	"trans": [40, 158, 240, 360]
},
"257": {
	"rank": 0,
	"state": [1, 0, 0, 1, 0, 1, 1, 0, 1, 0],
	"trans": [52, 152, 252, 372]
},
"258": {
	"rank": 0,
	"state": [1, 0, 0, 1, 0, 1, 1, 1, 0, 0],
	"trans": [52, 152, 252, 372]
},
"259": {
	"rank": 0,
	"state": [1, 0, 0, 1, 0, 1, 1, 1, 1, 0],
	"trans": [54, 154, 254, 361]
},
"260": {
	"rank": 0,
	"state": [1, 0, 1, 0, 0, 0, 0, 0, 0, 0],
	"trans": [73, 133, 173, 273, 373]
},
"261": {
	"rank": 0,
	"state": [1, 0, 1, 0, 0, 0, 0, 0, 0, 1],
	"trans": [66, 121, 166, 266, 366]
},
"262": {
	"rank": 0,
	"state": [1, 0, 1, 0, 0, 0, 0, 0, 1, 0],
	"trans": [73, 133, 173, 273, 373]
},
"263": {
	"rank": 0,
	"state": [1, 0, 1, 0, 0, 0, 0, 1, 0, 0],
	"trans": [73, 133, 173, 273, 373]
},
"264": {
	"rank": 0,
	"state": [1, 0, 1, 0, 0, 0, 0, 1, 1, 0],
	"trans": [67, 127, 167, 267, 367]
},
"265": {
	"rank": 0,
	"state": [1, 0, 1, 0, 0, 0, 1, 0, 0, 0],
	"trans": [73, 133, 173, 273, 373]
},
"266": {
	"rank": 0,
	"state": [1, 0, 1, 0, 0, 0, 1, 0, 0, 1],
	"trans": [73, 133, 173, 273, 373]
},
"267": {
	"rank": 0,
	"state": [1, 0, 1, 0, 0, 0, 1, 0, 1, 0],
	"trans": [78, 138, 162, 262, 362]
},
"268": {
	"rank": 0,
	"state": [1, 0, 1, 0, 0, 0, 1, 1, 0, 0],
	"trans": [73, 133, 173, 273, 373]
},
"269": {
	"rank": 0,
	"state": [1, 0, 1, 0, 0, 0, 1, 1, 1, 0],
	"trans": [71, 121, 161, 271, 371]
},
"270": {
	"rank": 0,
	"state": [1, 0, 1, 0, 0, 1, 0, 0, 0, 0],
	"trans": [63, 120, 160, 260, 360]
},
"271": {
	"rank": 0,
	"state": [1, 0, 1, 0, 0, 1, 0, 0, 0, 1],
	"trans": [73, 133, 173, 273, 373]
},
"272": {
	"rank": 0,
	"state": [1, 0, 1, 0, 0, 1, 0, 0, 1, 0],
	"trans": [73, 133, 173, 273, 373]
},
"273": {
	"rank": 0,
	"state": [1, 0, 1, 0, 0, 1, 0, 1, 0, 0],
	"trans": [73, 133, 173, 273, 373]
},
"274": {
	"rank": 0,
	"state": [1, 0, 1, 0, 0, 1, 0, 1, 1, 0],
	"trans": [61, 121, 161, 261, 367]
},
"275": {
	"rank": 0,
	"state": [1, 0, 1, 0, 0, 1, 1, 0, 0, 0],
	"trans": [73, 133, 173, 273, 373]
},
"276": {
	"rank": 0,
	"state": [1, 0, 1, 0, 0, 1, 1, 0, 0, 1],
	"trans": [73, 133, 173, 273, 373]
},
"277": {
	"rank": 0,
	"state": [1, 0, 1, 0, 0, 1, 1, 0, 1, 0],
	"trans": [72, 129, 172, 272, 367]
},
"278": {
	"rank": 0,
	"state": [1, 0, 1, 0, 0, 1, 1, 1, 0, 0],
	"trans": [73, 133, 173, 273, 373]
},
"279": {
	"rank": 0,
	"state": [1, 0, 1, 0, 0, 1, 1, 1, 1, 0],
	"trans": [61, 121, 161, 261, 361]
},
"280": {
	"rank": 0,
	"state": [1, 0, 1, 1, 0, 0, 0, 0, 0, 0],
	"trans": [186, 292, 352]
},
"281": {
	"rank": 0,
	"state": [1, 0, 1, 1, 0, 0, 0, 0, 0, 1],
	"trans": [194, 294, 354]
},
"282": {
	"rank": 0,
	"state": [1, 0, 1, 1, 0, 0, 0, 0, 1, 0],
	"trans": [187, 287, 347]
},
"283": {
	"rank": 0,
	"state": [1, 0, 1, 1, 0, 0, 0, 1, 0, 0],
	"trans": [186, 286, 358]
},
"284": {
	"rank": 0,
	"state": [1, 0, 1, 1, 0, 0, 0, 1, 1, 0],
	"trans": [194, 294, 354]
},
"285": {
	"rank": 0,
	"state": [1, 0, 1, 1, 0, 0, 1, 0, 0, 0],
	"trans": [180, 280, 340]
},
"286": {
	"rank": 0,
	"state": [1, 0, 1, 1, 0, 0, 1, 0, 0, 1],
	"trans": [181, 281, 341]
},
"287": {
	"rank": 0,
	"state": [1, 0, 1, 1, 0, 0, 1, 0, 1, 0],
	"trans": [194, 294, 354]
},
"288": {
	"rank": 0,
	"state": [1, 0, 1, 1, 0, 0, 1, 1, 0, 0],
	"trans": [186, 292, 352]
},
"289": {
	"rank": 0,
	"state": [1, 0, 1, 1, 0, 0, 1, 1, 1, 0],
	"trans": [194, 294, 354]
},
"290": {
	"rank": 0,
	"state": [1, 0, 1, 1, 0, 1, 0, 0, 0, 0],
	"trans": [180, 280, 358]
},
"291": {
	"rank": 0,
	"state": [1, 0, 1, 1, 0, 1, 0, 0, 0, 1],
	"trans": [181, 281, 349]
},
"292": {
	"rank": 0,
	"state": [1, 0, 1, 1, 0, 1, 0, 0, 1, 0],
	"trans": [197, 287, 347]
},
"293": {
	"rank": 0,
	"state": [1, 0, 1, 1, 0, 1, 0, 1, 0, 0],
	"trans": [191, 291, 352]
},
"294": {
	"rank": 0,
	"state": [1, 0, 1, 1, 0, 1, 0, 1, 1, 0],
	"trans": [194, 294, 354]
},
"295": {
	"rank": 0,
	"state": [1, 0, 1, 1, 0, 1, 1, 0, 0, 0],
	"trans": [180, 280, 340]
},
"296": {
	"rank": 0,
	"state": [1, 0, 1, 1, 0, 1, 1, 0, 0, 1],
	"trans": [191, 291, 358]
},
"297": {
	"rank": 0,
	"state": [1, 0, 1, 1, 0, 1, 1, 0, 1, 0],
	"trans": [194, 294, 354]
},
"298": {
	"rank": 0,
	"state": [1, 0, 1, 1, 0, 1, 1, 1, 0, 0],
	"trans": [186, 287, 347]
},
"299": {
	"rank": 0,
	"state": [1, 0, 1, 1, 0, 1, 1, 1, 1, 0],
	"trans": [194, 294, 354]
},
"300": {
	"rank": 0,
	"state": [1, 1, 0, 0, 0, 0, 0, 0, 0, 0],
	"trans": [75, 115, 215, 315]
},
"301": {
	"rank": 0,
	"state": [1, 1, 0, 0, 0, 0, 0, 0, 0, 1],
	"trans": [66, 106, 206, 306]
},
"302": {
	"rank": 0,
	"state": [1, 1, 0, 0, 0, 0, 0, 0, 1, 0],
	"trans": [68, 100, 200, 300]
},
"303": {
	"rank": 0,
	"state": [1, 1, 0, 0, 0, 0, 0, 1, 0, 0],
	"trans": [75, 115, 215, 315]
},
"304": {
	"rank": 0,
	"state": [1, 1, 0, 0, 0, 0, 0, 1, 1, 0],
	"trans": [67, 107, 207, 307]
},
"305": {
	"rank": 0,
	"state": [1, 1, 0, 0, 0, 0, 1, 0, 0, 0],
	"trans": [75, 115, 215, 315]
},
"306": {
	"rank": 0,
	"state": [1, 1, 0, 0, 0, 0, 1, 0, 0, 1],
	"trans": [63, 100, 200, 300]
},
"307": {
	"rank": 0,
	"state": [1, 1, 0, 0, 0, 0, 1, 0, 1, 0],
	"trans": [78, 102, 218, 302]
},
"308": {
	"rank": 0,
	"state": [1, 1, 0, 0, 0, 0, 1, 1, 0, 0],
	"trans": [63, 100, 200, 300]
},
"309": {
	"rank": 0,
	"state": [1, 1, 0, 0, 0, 0, 1, 1, 1, 0],
	"trans": [71, 111, 211, 311]
},
"310": {
	"rank": 0,
	"state": [1, 1, 0, 0, 0, 1, 0, 0, 0, 0],
	"trans": [75, 115, 215, 315]
},
"311": {
	"rank": 0,
	"state": [1, 1, 0, 0, 0, 1, 0, 0, 0, 1],
	"trans": [66, 113, 216, 313]
},
"312": {
	"rank": 0,
	"state": [1, 1, 0, 0, 0, 1, 0, 0, 1, 0],
	"trans": [68, 100, 200, 300]
},
"313": {
	"rank": 0,
	"state": [1, 1, 0, 0, 0, 1, 0, 1, 0, 0],
	"trans": [75, 115, 215, 315]
},
"314": {
	"rank": 0,
	"state": [1, 1, 0, 0, 0, 1, 0, 1, 1, 0],
	"trans": [61, 101, 201, 301]
},
"315": {
	"rank": 0,
	"state": [1, 1, 0, 0, 0, 1, 1, 0, 0, 0],
	"trans": [75, 115, 215, 315]
},
"316": {
	"rank": 0,
	"state": [1, 1, 0, 0, 0, 1, 1, 0, 0, 1],
	"trans": [66, 100, 200, 300]
},
"317": {
	"rank": 0,
	"state": [1, 1, 0, 0, 0, 1, 1, 0, 1, 0],
	"trans": [72, 112, 212, 312]
},
"318": {
	"rank": 0,
	"state": [1, 1, 0, 0, 0, 1, 1, 1, 0, 0],
	"trans": [63, 100, 200, 300]
},
"319": {
	"rank": 0,
	"state": [1, 1, 0, 0, 0, 1, 1, 1, 1, 0],
	"trans": [61, 101, 201, 301]
},
"320": {
	"rank": 0,
	"state": [1, 1, 0, 0, 1, 0, 0, 0, 0, 0],
	"trans": [16, 136, 336]
},
"321": {
	"rank": 0,
	"state": [1, 1, 0, 0, 1, 0, 0, 0, 0, 1],
	"trans": [6, 121, 326]
},
"322": {
	"rank": 0,
	"state": [1, 1, 0, 0, 1, 0, 0, 0, 1, 0],
	"trans": [0, 120, 320]
},
"323": {
	"rank": 0,
	"state": [1, 1, 0, 0, 1, 0, 0, 1, 0, 0],
	"trans": [5, 123, 326]
},
"324": {
	"rank": 0,
	"state": [1, 1, 0, 0, 1, 0, 0, 1, 1, 0],
	"trans": [7, 127, 327]
},
"325": {
	"rank": 0,
	"state": [1, 1, 0, 0, 1, 0, 1, 0, 0, 0],
	"trans": [0, 120, 320]
},
"326": {
	"rank": 0,
	"state": [1, 1, 0, 0, 1, 0, 1, 0, 0, 1],
	"trans": [16, 136, 336]
},
"327": {
	"rank": 0,
	"state": [1, 1, 0, 0, 1, 0, 1, 0, 1, 0],
	"trans": [2, 138, 338]
},
"328": {
	"rank": 0,
	"state": [1, 1, 0, 0, 1, 0, 1, 1, 0, 0],
	"trans": [0, 120, 320]
},
"329": {
	"rank": 0,
	"state": [1, 1, 0, 0, 1, 0, 1, 1, 1, 0],
	"trans": [11, 121, 331]
},
"330": {
	"rank": 0,
	"state": [1, 1, 0, 0, 1, 1, 0, 0, 0, 0],
	"trans": [16, 136, 336]
},
"331": {
	"rank": 0,
	"state": [1, 1, 0, 0, 1, 1, 0, 0, 0, 1],
	"trans": [16, 136, 336]
},
"332": {
	"rank": 0,
	"state": [1, 1, 0, 0, 1, 1, 0, 0, 1, 0],
	"trans": [0, 120, 320]
},
"333": {
	"rank": 0,
	"state": [1, 1, 0, 0, 1, 1, 0, 1, 0, 0],
	"trans": [16, 136, 336]
},
"334": {
	"rank": 0,
	"state": [1, 1, 0, 0, 1, 1, 0, 1, 1, 0],
	"trans": [7, 121, 321]
},
"335": {
	"rank": 0,
	"state": [1, 1, 0, 0, 1, 1, 1, 0, 0, 0],
	"trans": [0, 120, 320]
},
"336": {
	"rank": 0,
	"state": [1, 1, 0, 0, 1, 1, 1, 0, 0, 1],
	"trans": [16, 136, 336]
},
"337": {
	"rank": 0,
	"state": [1, 1, 0, 0, 1, 1, 1, 0, 1, 0],
	"trans": [12, 129, 327]
},
"338": {
	"rank": 0,
	"state": [1, 1, 0, 0, 1, 1, 1, 1, 0, 0],
	"trans": [16, 136, 336]
},
"339": {
	"rank": 0,
	"state": [1, 1, 0, 0, 1, 1, 1, 1, 1, 0],
	"trans": [1, 121, 321]
},
"340": {
	"rank": 0,
	"state": [1, 1, 0, 1, 0, 0, 0, 0, 0, 0],
	"trans": [82, 142, 292, 352]
},
"341": {
	"rank": 0,
	"state": [1, 1, 0, 1, 0, 0, 0, 0, 0, 1],
	"trans": [94, 154, 281, 349]
},
"342": {
	"rank": 0,
	"state": [1, 1, 0, 1, 0, 0, 0, 0, 1, 0],
	"trans": [87, 142, 287, 347]
},
"343": {
	"rank": 0,
	"state": [1, 1, 0, 1, 0, 0, 0, 1, 0, 0],
	"trans": [98, 158, 286, 358]
},
"344": {
	"rank": 0,
	"state": [1, 1, 0, 1, 0, 0, 0, 1, 1, 0],
	"trans": [97, 157, 297, 357]
},
"345": {
	"rank": 0,
	"state": [1, 1, 0, 1, 0, 0, 1, 0, 0, 0],
	"trans": [80, 140, 280, 340]
},
"346": {
	"rank": 0,
	"state": [1, 1, 0, 1, 0, 0, 1, 0, 0, 1],
	"trans": [81, 158, 281, 341]
},
"347": {
	"rank": 0,
	"state": [1, 1, 0, 1, 0, 0, 1, 0, 1, 0],
	"trans": [97, 157, 297, 357]
},
"348": {
	"rank": 0,
	"state": [1, 1, 0, 1, 0, 0, 1, 1, 0, 0],
	"trans": [82, 142, 292, 352]
},
"349": {
	"rank": 0,
	"state": [1, 1, 0, 1, 0, 0, 1, 1, 1, 0],
	"trans": [97, 157, 297, 357]
},
"350": {
	"rank": 0,
	"state": [1, 1, 0, 1, 0, 1, 0, 0, 0, 0],
	"trans": [98, 158, 280, 358]
},
"351": {
	"rank": 0,
	"state": [1, 1, 0, 1, 0, 1, 0, 0, 0, 1],
	"trans": [81, 149, 281, 349]
},
"352": {
	"rank": 0,
	"state": [1, 1, 0, 1, 0, 1, 0, 0, 1, 0],
	"trans": [97, 157, 297, 357]
},
"353": {
	"rank": 0,
	"state": [1, 1, 0, 1, 0, 1, 0, 1, 0, 0],
	"trans": [82, 142, 291, 352]
},
"354": {
	"rank": 0,
	"state": [1, 1, 0, 1, 0, 1, 0, 1, 1, 0],
	"trans": [97, 157, 297, 357]
},
"355": {
	"rank": 0,
	"state": [1, 1, 0, 1, 0, 1, 1, 0, 0, 0],
	"trans": [80, 140, 280, 340]
},
"356": {
	"rank": 0,
	"state": [1, 1, 0, 1, 0, 1, 1, 0, 0, 1],
	"trans": [98, 158, 291, 358]
},
"357": {
	"rank": 0,
	"state": [1, 1, 0, 1, 0, 1, 1, 0, 1, 0],
	"trans": [97, 157, 297, 357]
},
"358": {
	"rank": 0,
	"state": [1, 1, 0, 1, 0, 1, 1, 1, 0, 0],
	"trans": [87, 142, 287, 347]
},
"359": {
	"rank": 0,
	"state": [1, 1, 0, 1, 0, 1, 1, 1, 1, 0],
	"trans": [94, 154, 281, 349]
},
"360": {
	"rank": 0,
	"state": [1, 1, 1, 0, 0, 0, 0, 0, 0, 0],
	"trans": [18, 58, 178, 258, 278, 378]
},
"361": {
	"rank": 0,
	"state": [1, 1, 1, 0, 0, 0, 0, 0, 0, 1],
	"trans": [6, 46, 166, 246, 266, 366]
},
"362": {
	"rank": 0,
	"state": [1, 1, 1, 0, 0, 0, 0, 0, 1, 0],
	"trans": [18, 58, 178, 258, 278, 378]
},
"363": {
	"rank": 0,
	"state": [1, 1, 1, 0, 0, 0, 0, 1, 0, 0],
	"trans": [18, 58, 178, 258, 278, 378]
},
"364": {
	"rank": 0,
	"state": [1, 1, 1, 0, 0, 0, 0, 1, 1, 0],
	"trans": [7, 47, 167, 247, 267, 367]
},
"365": {
	"rank": 0,
	"state": [1, 1, 1, 0, 0, 0, 1, 0, 0, 0],
	"trans": [0, 40, 160, 240, 260, 360]
},
"366": {
	"rank": 0,
	"state": [1, 1, 1, 0, 0, 0, 1, 0, 0, 1],
	"trans": [18, 58, 178, 258, 278, 378]
},
"367": {
	"rank": 0,
	"state": [1, 1, 1, 0, 0, 0, 1, 0, 1, 0],
	"trans": [18, 58, 178, 258, 278, 378]
},
"368": {
	"rank": 0,
	"state": [1, 1, 1, 0, 0, 0, 1, 1, 0, 0],
	"trans": [18, 58, 178, 258, 278, 378]
},
"369": {
	"rank": 0,
	"state": [1, 1, 1, 0, 0, 0, 1, 1, 1, 0],
	"trans": [11, 51, 161, 257, 271, 371]
},
"370": {
	"rank": 0,
	"state": [1, 1, 1, 0, 0, 1, 0, 0, 0, 0],
	"trans": [18, 58, 178, 258, 278, 378]
},
"371": {
	"rank": 0,
	"state": [1, 1, 1, 0, 0, 1, 0, 0, 0, 1],
	"trans": [6, 53, 166, 253, 266, 366]
},
"372": {
	"rank": 0,
	"state": [1, 1, 1, 0, 0, 1, 0, 0, 1, 0],
	"trans": [18, 58, 178, 258, 278, 378]
},
"373": {
	"rank": 0,
	"state": [1, 1, 1, 0, 0, 1, 0, 1, 0, 0],
	"trans": [18, 58, 178, 258, 278, 378]
},
"374": {
	"rank": 0,
	"state": [1, 1, 1, 0, 0, 1, 0, 1, 1, 0],
	"trans": [7, 47, 161, 247, 261, 367]
},
"375": {
	"rank": 0,
	"state": [1, 1, 1, 0, 0, 1, 1, 0, 0, 0],
	"trans": [0, 40, 160, 240, 260, 360]
},
"376": {
	"rank": 0,
	"state": [1, 1, 1, 0, 0, 1, 1, 0, 0, 1],
	"trans": [18, 58, 178, 258, 278, 378]
},
"377": {
	"rank": 0,
	"state": [1, 1, 1, 0, 0, 1, 1, 0, 1, 0],
	"trans": [12, 47, 172, 247, 272, 367]
},
"378": {
	"rank": 0,
	"state": [1, 1, 1, 0, 0, 1, 1, 1, 0, 0],
	"trans": [18, 58, 178, 258, 278, 378]
},
"379": {
	"rank": 0,
	"state": [1, 1, 1, 0, 0, 1, 1, 1, 1, 0],
	"trans": [1, 54, 161, 254, 261, 361]
},
"380": {
	"rank": 0,
	"state": [1, 1, 1, 1, 0, 0, 0, 0, 0, 0],
	"trans": [186, 386]
},
"381": {
	"rank": 0,
	"state": [1, 1, 1, 1, 0, 0, 0, 0, 0, 1],
	"trans": [199, 399]
},
"382": {
	"rank": 0,
	"state": [1, 1, 1, 1, 0, 0, 0, 0, 1, 0],
	"trans": [187, 387]
},
"383": {
	"rank": 0,
	"state": [1, 1, 1, 1, 0, 0, 0, 1, 0, 0],
	"trans": [186, 386]
},
"384": {
	"rank": 0,
	"state": [1, 1, 1, 1, 0, 0, 0, 1, 1, 0],
	"trans": [194, 394]
},
"385": {
	"rank": 0,
	"state": [1, 1, 1, 1, 0, 0, 1, 0, 0, 0],
	"trans": [180, 380]
},
"386": {
	"rank": 0,
	"state": [1, 1, 1, 1, 0, 0, 1, 0, 0, 1],
	"trans": [181, 381]
},
"387": {
	"rank": 0,
	"state": [1, 1, 1, 1, 0, 0, 1, 0, 1, 0],
	"trans": [194, 394]
},
"388": {
	"rank": 0,
	"state": [1, 1, 1, 1, 0, 0, 1, 1, 0, 0],
	"trans": [186, 386]
},
"389": {
	"rank": 0,
	"state": [1, 1, 1, 1, 0, 0, 1, 1, 1, 0],
	"trans": [199, 399]
},
"390": {
	"rank": 0,
	"state": [1, 1, 1, 1, 0, 1, 0, 0, 0, 0],
	"trans": [180, 380]
},
"391": {
	"rank": 0,
	"state": [1, 1, 1, 1, 0, 1, 0, 0, 0, 1],
	"trans": [181, 381]
},
"392": {
	"rank": 0,
	"state": [1, 1, 1, 1, 0, 1, 0, 0, 1, 0],
	"trans": [197, 387]
},
"393": {
	"rank": 0,
	"state": [1, 1, 1, 1, 0, 1, 0, 1, 0, 0],
	"trans": [191, 386]
},
"394": {
	"rank": 0,
	"state": [1, 1, 1, 1, 0, 1, 0, 1, 1, 0],
	"trans": [199, 399]
},
"395": {
	"rank": 0,
	"state": [1, 1, 1, 1, 0, 1, 1, 0, 0, 0],
	"trans": [180, 380]
},
"396": {
	"rank": 0,
	"state": [1, 1, 1, 1, 0, 1, 1, 0, 0, 1],
	"trans": [191, 386]
},
"397": {
	"rank": 0,
	"state": [1, 1, 1, 1, 0, 1, 1, 0, 1, 0],
	"trans": [189, 389]
},
"398": {
	"rank": 0,
	"state": [1, 1, 1, 1, 0, 1, 1, 1, 0, 0],
	"trans": [186, 386]
},
"399": {
	"rank": 0,
	"state": [1, 1, 1, 1, 0, 1, 1, 1, 1, 0],
	"trans": [199, 399]
}